100 
80853 
313586 
385713 
460489 
481589 
588627 
591941 
603355 
649654 
667310 
717577 
1062700 
1438516 
1491992 
1593453 
1807432 
1856733 
1900646 
2120426 
2134627 
2172543 
2193231 
2287056 
2297843 
2352382 
2424832 
2426554 
2434495 
2673194 
2933847 
2998009 
3087132 
3179643 
3494773 
3548762 
3609405 
3713364 
3724597 
3898402 
3929496 
4025290 
4150265 
4158198 
4272127 
4419150 
4509217 
4706060 
4710115 
4827677 
4893673 
4932575 
4990816 
4999443 
5045496 
5208944 
5355287 
5422319 
5697072 
5752612 
5764111 
5777634 
5946025 
5951993 
6021474 
6091842 
6100203 
6139896 
6176507 
6209506 
6386877 
6402562 
6436537 
6441762 
6476523 
6482746 
6574560 
6644291 
6867719 
7146988 
7295439 
7421338 
7554706 
7799239 
8103832 
8161596 
8384576 
8432141 
8666274 
8666744 
8693486 
8903424 
8934939 
8937268 
9066315 9326924 
9649008 
9780149 
9899995 
9945091 
9947621
